%YAML:1.0
---
undist_circle_center_pos: !!opencv-matrix
   rows: 14
   cols: 2
   dt: i
   data: [ 848, 331, 1055, 344, 1154, 339, 493, 355, 348, 392, 269, 382,
       213, 371, 184, 403, 374, 423, 623, 430, 621, 311, 714, 307, 1076,
       321, 175, 402 ]
