%YAML:1.0
---
circle_center_pos: !!opencv-matrix
   rows: 7
   cols: 2
   dt: d
   data: [ 3.5508425903320313e+02, 8.6645660400390625e+02,
       1.0418359375000000e+03, 1.1465061035156250e+03,
       8.0275952148437500e+02, 7.7235168457031250e+02,
       2.6315945434570313e+02, 6.0595812988281250e+02,
       5.8680511474609375e+02, 5.2090557861328125e+02,
       1.0123184814453125e+03, 5.1668383789062500e+02,
       3.4122860717773438e+02, 1.1500998535156250e+03 ]
