<?xml version="1.0"?>
<opencv_storage>
<my_data>"[[ 355  866]&#x0a; [1041 1147]&#x0a; [ 802  772]&#x0a; [ 263  605]&#x0a; [ 586  520]&#x0a; [1011  516]&#x0a; [ 341 1150]]"</my_data>
</opencv_storage>
