%YAML:1.0
---
my_data: !!opencv-matrix
   rows: 7
   cols: 2
   dt: i
   data: [ 355, 866, 1041, 1147, 802, 772, 263, 605, 586, 520, 1011, 516,
       341, 1150 ]
