%YAML:1.0
---
circle_center_pos: !!opencv-matrix
   rows: 7
   cols: 2
   dt: d
   data: [ 4.9516085815429688e+02, 8.6283331298828125e+02,
       1.1568854980468750e+03, 1.1423259277343750e+03,
       9.3702764892578125e+02, 7.7146130371093750e+02,
       4.1712136840820313e+02, 6.0781506347656250e+02,
       7.3589587402343750e+02, 5.2361444091796875e+02,
       1.1561364746093750e+03, 5.1876446533203125e+02,
       4.6973226928710938e+02, 1.1396827392578125e+03 ]
