<?xml version="1.0"?>
<opencv_storage>
<my_data>"[[ 495  862]&#x0a; [1157 1143]&#x0a; [ 937  771]&#x0a; [ 417  607]&#x0a; [ 736  523]&#x0a; [1157  518]&#x0a; [ 469 1141]]"</my_data>
</opencv_storage>
