%YAML:1.0
---
my_data: !!opencv-matrix
   rows: 7
   cols: 2
   dt: i
   data: [ 495, 862, 1157, 1143, 937, 771, 417, 607, 736, 523, 1157, 518,
       469, 1141 ]
