%YAML:1.0
---
circle_center_pos: !!opencv-matrix
   rows: 7
   cols: 2
   dt: i
   data: [ 495, 862, 1156, 1142, 937, 771, 417, 607, 735, 523, 1156, 518,
       469, 1139 ]
