%YAML:1.0
---
circle_center_pos: !!opencv-matrix
   rows: 7
   cols: 2
   dt: i
   data: [ 502, 858, 1125, 1135, 936, 769, 445, 609, 758, 526, 1168, 521,
       460, 1127 ]
