<?xml version="1.0"?>
<opencv_storage>
<my_data>"[[ 502  857]&#x0a; [1125 1135]&#x0a; [ 936  769]&#x0a; [ 446  606]&#x0a; [ 757  526]&#x0a; [1168  521]&#x0a; [ 459 1128]]"</my_data>
</opencv_storage>
