%YAML:1.0
---
circle_center_pos: !!opencv-matrix
   rows: 7
   cols: 2
   dt: d
   data: [ 5.0287210083007813e+02, 8.5822473144531250e+02,
       1.1251727294921875e+03, 1.1353588867187500e+03,
       9.3605059814453125e+02, 7.6995227050781250e+02,
       4.4547726440429688e+02, 6.0941864013671875e+02,
       7.5803894042968750e+02, 5.2673333740234375e+02,
       1.1681538085937500e+03, 5.2103796386718750e+02,
       4.6024456787109375e+02, 1.1275255126953125e+03 ]
