%YAML:1.0
---
my_data: !!opencv-matrix
   rows: 7
   cols: 2
   dt: i
   data: [ 502, 857, 1125, 1135, 936, 769, 446, 606, 757, 526, 1168, 521,
       459, 1128 ]
