<?xml version="1.0"?>
<opencv_storage>
<my_data>"[[ 448  700]&#x0a; [1020  962]&#x0a; [ 866  613]&#x0a; [ 413  465]&#x0a; [ 715  382]&#x0a; [1110  372]&#x0a; [ 387  956]]"</my_data>
</opencv_storage>
