%YAML:1.0
---
my_data: !!opencv-matrix
   rows: 7
   cols: 2
   dt: i
   data: [ 448, 700, 1020, 962, 866, 613, 413, 465, 715, 382, 1110, 372,
       387, 956 ]
