%YAML:1.0
---
circle_center_pos: !!opencv-matrix
   rows: 7
   cols: 2
   dt: d
   data: [ 4.4843273925781250e+02, 7.0024444580078125e+02,
       1.0206358032226563e+03, 9.6197033691406250e+02,
       8.6722155761718750e+02, 6.1382244873046875e+02,
       4.1298855590820313e+02, 4.6478298950195313e+02,
       7.1605529785156250e+02, 3.8305767822265625e+02,
       1.1101627197265625e+03, 3.7310272216796875e+02,
       3.8806753540039063e+02, 9.5546380615234375e+02 ]
