%YAML:1.0
---
circle_center_pos: !!opencv-matrix
   rows: 7
   cols: 2
   dt: i
   data: [ 448, 700, 1020, 961, 867, 613, 412, 464, 716, 383, 1110, 373,
       388, 955 ]
