<?xml version="1.0"?>
<opencv_storage>
<my_data>"[[ 560  703]&#x0a; [1109  966]&#x0a; [ 974  621]&#x0a; [ 540  474]&#x0a; [ 835  392]&#x0a; [1222  381]&#x0a; [ 495  957]]"</my_data>
</opencv_storage>
