%YAML:1.0
---
circle_center_pos: !!opencv-matrix
   rows: 7
   cols: 2
   dt: d
   data: [ 5.6497552490234375e+02, 7.0624243164062500e+02,
       1.1096669921875000e+03, 9.6639447021484375e+02,
       9.7421783447265625e+02, 6.2113543701171875e+02,
       5.4036993408203125e+02, 4.7446017456054688e+02,
       8.3661108398437500e+02, 3.9289498901367188e+02,
       1.2221553955078125e+03, 3.8214804077148438e+02,
       4.9636849975585938e+02, 9.5681445312500000e+02 ]
