%YAML:1.0
---
my_data: !!opencv-matrix
   rows: 7
   cols: 2
   dt: i
   data: [ 564, 706, 1109, 966, 974, 621, 540, 474, 835, 392, 1222, 381,
       495, 957 ]
