%YAML:1.0
---
circle_center_pos: !!opencv-matrix
   rows: 7
   cols: 2
   dt: i
   data: [ 564, 706, 1109, 966, 974, 621, 540, 474, 836, 392, 1222, 382,
       496, 956 ]
