%YAML:1.0
---
my_data: !!opencv-matrix
   rows: 7
   cols: 2
   dt: i
   data: [ 321, 725, 1040, 1004, 772, 632, 209, 466, 535, 381, 965, 378,
       329, 1013 ]
