<?xml version="1.0"?>
<opencv_storage>
<my_data>"[[ 321  725]&#x0a; [1040 1004]&#x0a; [ 772  632]&#x0a; [ 209  466]&#x0a; [ 535  381]&#x0a; [ 965  378]&#x0a; [ 329 1013]]"</my_data>
</opencv_storage>
