%YAML:1.0
---
circle_center_pos: !!opencv-matrix
   rows: 7
   cols: 2
   dt: i
   data: [ 322, 728, 1041, 1003, 772, 632, 208, 466, 534, 381, 965, 379,
       328, 1013 ]
