%YAML:1.0
---
circle_center_pos: !!opencv-matrix
   rows: 7
   cols: 2
   dt: d
   data: [ 3.2227593994140625e+02, 7.2814910888671875e+02,
       1.0413876953125000e+03, 1.0035502929687500e+03,
       7.7283886718750000e+02, 6.3284539794921875e+02,
       2.0847351074218750e+02, 4.6665011596679688e+02,
       5.3486950683593750e+02, 3.8192010498046875e+02,
       9.6548406982421875e+02, 3.7931774902343750e+02,
       3.2871966552734375e+02, 1.0137436523437500e+03 ]
