%YAML:1.0
---
my_data: !!opencv-matrix
   rows: 7
   cols: 2
   dt: i
   data: [ 296, 636, 1037, 912, 746, 542, 163, 371, 489, 289, 920, 289,
       322, 925 ]
