%YAML:1.0
---
circle_center_pos: !!opencv-matrix
   rows: 7
   cols: 2
   dt: i
   data: [ 296, 636, 1038, 911, 745, 542, 162, 372, 489, 289, 920, 290,
       321, 924 ]
