<?xml version="1.0"?>
<opencv_storage>
<my_data>"[[ 296  636]&#x0a; [1037  912]&#x0a; [ 746  542]&#x0a; [ 163  371]&#x0a; [ 489  289]&#x0a; [ 920  289]&#x0a; [ 322  925]]"</my_data>
</opencv_storage>
