%YAML:1.0
---
circle_center_pos: !!opencv-matrix
   rows: 7
   cols: 2
   dt: d
   data: [ 2.9620220947265625e+02, 6.3674548339843750e+02,
       1.0380279541015625e+03, 9.1195715332031250e+02,
       7.4553033447265625e+02, 5.4203442382812500e+02,
       1.6239337158203125e+02, 3.7235888671875000e+02,
       4.8900006103515625e+02, 2.8938293457031250e+02,
       9.2094537353515625e+02, 2.9025787353515625e+02,
       3.2161605834960938e+02, 9.2476617431640625e+02 ]
