<?xml version="1.0"?>
<opencv_storage>
<my_data>"[[235 644]&#x0a; [995 923]&#x0a; [682 547]&#x0a; [ 84 373]&#x0a; [409 290]&#x0a; [841 292]&#x0a; [279 940]]"</my_data>
</opencv_storage>
