%YAML:1.0
---
my_data: !!opencv-matrix
   rows: 7
   cols: 2
   dt: i
   data: [ 235, 644, 995, 923, 682, 547, 84, 373, 409, 290, 841, 292,
       279, 940 ]
