%YAML:1.0
---
circle_center_pos: !!opencv-matrix
   rows: 7
   cols: 2
   dt: d
   data: [ 2.3572807312011719e+02, 6.4438946533203125e+02,
       9.9542987060546875e+02, 9.2264813232421875e+02,
       6.8242370605468750e+02, 5.4816583251953125e+02,
       8.3767082214355469e+01, 3.7327349853515625e+02,
       4.0958035278320313e+02, 2.9035437011718750e+02,
       8.4104132080078125e+02, 2.9365481567382813e+02,
       2.7902801513671875e+02, 9.3946868896484375e+02 ]
