%YAML:1.0
---
circle_center_pos: !!opencv-matrix
   rows: 7
   cols: 2
   dt: i
   data: [ 235, 644, 995, 922, 682, 548, 83, 373, 409, 290, 841, 293,
       279, 939 ]
