%YAML:1.0
---
circle_center_pos: !!opencv-matrix
   rows: 7
   cols: 2
   dt: d
   data: [ 2.9447723388671875e+02, 6.4947991943359375e+02,
       1.0608106689453125e+03, 9.2805163574218750e+02,
       7.2791107177734375e+02, 5.5249664306640625e+02,
       1.2234737396240234e+02, 3.7358642578125000e+02,
       4.4005273437500000e+02, 2.9113641357421875e+02,
       8.6352514648437500e+02, 2.9727767944335938e+02,
       3.5993701171875000e+02, 9.4868286132812500e+02 ]
