<?xml version="1.0"?>
<opencv_storage>
<my_data>"[[ 294  649]&#x0a; [1061  928]&#x0a; [ 727  552]&#x0a; [ 122  373]&#x0a; [ 439  290]&#x0a; [ 863  296]&#x0a; [ 360  949]]"</my_data>
</opencv_storage>
