%YAML:1.0
---
my_data: !!opencv-matrix
   rows: 7
   cols: 2
   dt: i
   data: [ 294, 649, 1061, 928, 727, 552, 122, 373, 439, 290, 863, 296,
       360, 949 ]
