%YAML:1.0
---
circle_center_pos: !!opencv-matrix
   rows: 7
   cols: 2
   dt: i
   data: [ 294, 649, 1060, 928, 727, 552, 122, 373, 440, 291, 863, 297,
       359, 948 ]
