%YAML:1.0
---
circle_center_pos: !!opencv-matrix
   rows: 7
   cols: 2
   dt: i
   data: [ 471, 618, 1168, 852, 916, 534, 376, 399, 695, 325, 1117, 318,
       462, 861 ]
