%YAML:1.0
---
my_data: !!opencv-matrix
   rows: 7
   cols: 2
   dt: i
   data: [ 471, 618, 1168, 852, 917, 536, 376, 400, 695, 323, 1118, 318,
       462, 860 ]
