%YAML:1.0
---
circle_center_pos: !!opencv-matrix
   rows: 7
   cols: 2
   dt: d
   data: [ 4.7193936157226563e+02, 6.1854772949218750e+02,
       1.1681629638671875e+03, 8.5267211914062500e+02,
       9.1689392089843750e+02, 5.3494848632812500e+02,
       3.7626736450195313e+02, 3.9960882568359375e+02,
       6.9595507812500000e+02, 3.2555072021484375e+02,
       1.1178051757812500e+03, 3.1871905517578125e+02,
       4.6298999023437500e+02, 8.6126898193359375e+02 ]
