<?xml version="1.0"?>
<opencv_storage>
<my_data>"[[ 471  618]&#x0a; [1168  852]&#x0a; [ 917  536]&#x0a; [ 376  400]&#x0a; [ 695  323]&#x0a; [1118  318]&#x0a; [ 462  860]]"</my_data>
</opencv_storage>
