%YAML:1.0
---
circle_center_pos: !!opencv-matrix
   rows: 7
   cols: 2
   dt: d
   data: [ 4.1983801269531250e+02, 7.5641540527343750e+02,
       1.1157955322265625e+03, 9.7632775878906250e+02,
       8.6560839843750000e+02, 6.7693267822265625e+02,
       3.2785745239257813e+02, 5.5158349609375000e+02,
       6.4726177978515625e+02, 4.8187887573242188e+02,
       1.0672435302734375e+03, 4.7499377441406250e+02,
       4.0725830078125000e+02, 9.8574835205078125e+02 ]
