<?xml version="1.0"?>
<opencv_storage>
<my_data>"[[ 419  755]&#x0a; [1115  975]&#x0a; [ 865  677]&#x0a; [ 327  551]&#x0a; [ 648  483]&#x0a; [1066  476]&#x0a; [ 407  985]]"</my_data>
</opencv_storage>
