%YAML:1.0
---
circle_center_pos: !!opencv-matrix
   rows: 7
   cols: 2
   dt: i
   data: [ 419, 756, 1115, 976, 865, 676, 327, 551, 647, 481, 1067, 474,
       407, 985 ]
