%YAML:1.0
---
my_data: !!opencv-matrix
   rows: 7
   cols: 2
   dt: i
   data: [ 419, 755, 1115, 975, 865, 677, 327, 551, 648, 483, 1066, 476,
       407, 985 ]
