%YAML:1.0
---
my_data: !!opencv-matrix
   rows: 7
   cols: 2
   dt: i
   data: [ 417, 999, 1122, 1191, 867, 928, 327, 821, 647, 758, 1067, 753,
       404, 1202 ]
