%YAML:1.0
---
circle_center_pos: !!opencv-matrix
   rows: 7
   cols: 2
   dt: d
   data: [ 4.1870025634765625e+02, 1.0000496215820313e+03,
       1.1224420166015625e+03, 1.1924071044921875e+03,
       8.6723266601562500e+02, 9.2781787109375000e+02,
       3.2767379760742188e+02, 8.2080731201171875e+02,
       6.4752154541015625e+02, 7.5861859130859375e+02,
       1.0673701171875000e+03, 7.5042712402343750e+02,
       4.0469360351562500e+02, 1.2038273925781250e+03 ]
