<?xml version="1.0"?>
<opencv_storage>
<my_data>"[[ 417  999]&#x0a; [1122 1191]&#x0a; [ 867  928]&#x0a; [ 327  821]&#x0a; [ 647  758]&#x0a; [1067  753]&#x0a; [ 404 1202]]"</my_data>
</opencv_storage>
