%YAML:1.0
---
circle_center_pos: !!opencv-matrix
   rows: 7
   cols: 2
   dt: i
   data: [ 418, 1000, 1122, 1192, 867, 927, 327, 820, 647, 758, 1067,
       750, 404, 1203 ]
