%YAML:1.0
---
my_data: !!opencv-matrix
   rows: 7
   cols: 2
   dt: i
   data: [ 419, 435, 1111, 691, 867, 347, 325, 197, 647, 117, 1073, 110,
       409, 697 ]
