%YAML:1.0
---
circle_center_pos: !!opencv-matrix
   rows: 7
   cols: 2
   dt: d
   data: [ 4.1985812377929688e+02, 4.3621520996093750e+02,
       1.1118923339843750e+03, 6.9079583740234375e+02,
       8.6722576904296875e+02, 3.4740063476562500e+02,
       3.2492080688476563e+02, 1.9727069091796875e+02,
       6.4794525146484375e+02, 1.1753322601318359e+02,
       1.0739681396484375e+03, 1.1189317321777344e+02,
       4.0927478027343750e+02, 6.9723101806640625e+02 ]
