%YAML:1.0
---
circle_center_pos: !!opencv-matrix
   rows: 7
   cols: 2
   dt: i
   data: [ 419, 436, 1111, 690, 867, 347, 324, 197, 647, 117, 1073, 111,
       409, 697 ]
