<?xml version="1.0"?>
<opencv_storage>
<my_data>"[[ 419  435]&#x0a; [1111  691]&#x0a; [ 867  347]&#x0a; [ 325  197]&#x0a; [ 647  117]&#x0a; [1073  110]&#x0a; [ 409  697]]"</my_data>
</opencv_storage>
