<?xml version="1.0"?>
<opencv_storage>
<my_data>"[[ 334  719]&#x0a; [1103 1107]&#x0a; [ 845  595]&#x0a; [ 218  345]&#x0a; [ 595  226]&#x0a; [1098  227]&#x0a; [ 329 1101]]"</my_data>
</opencv_storage>
