%YAML:1.0
---
circle_center_pos: !!opencv-matrix
   rows: 7
   cols: 2
   dt: d
   data: [ 3.3392367553710938e+02, 7.1956909179687500e+02,
       1.1026574707031250e+03, 1.1075163574218750e+03,
       8.4554571533203125e+02, 5.9619879150390625e+02,
       2.1746388244628906e+02, 3.4586495971679688e+02,
       5.9579492187500000e+02, 2.2594902038574219e+02,
       1.0984345703125000e+03, 2.2724169921875000e+02,
       3.2808575439453125e+02, 1.1013295898437500e+03 ]
