%YAML:1.0
---
my_data: !!opencv-matrix
   rows: 7
   cols: 2
   dt: i
   data: [ 334, 719, 1103, 1107, 845, 595, 218, 345, 595, 226, 1098, 227,
       329, 1101 ]
