%YAML:1.0
---
circle_center_pos: !!opencv-matrix
   rows: 7
   cols: 2
   dt: i
   data: [ 333, 719, 1102, 1107, 845, 596, 217, 345, 595, 225, 1098, 227,
       328, 1101 ]
