%YAML:1.0
---
circle_center_pos: !!opencv-matrix
   rows: 7
   cols: 2
   dt: i
   data: [ 310, 798, 1144, 1219, 864, 663, 184, 393, 593, 262, 1137, 263,
       304, 1212 ]
