%YAML:1.0
---
circle_center_pos: !!opencv-matrix
   rows: 7
   cols: 2
   dt: d
   data: [ 3.1098529052734375e+02, 7.9835906982421875e+02,
       1.1441219482421875e+03, 1.2194167480468750e+03,
       8.6443725585937500e+02, 6.6354895019531250e+02,
       1.8475924682617188e+02, 3.9344607543945313e+02,
       5.9338507080078125e+02, 2.6271643066406250e+02,
       1.1370087890625000e+03, 2.6349844360351563e+02,
       3.0496173095703125e+02, 1.2127963867187500e+03 ]
