<?xml version="1.0"?>
<opencv_storage>
<my_data>"[[ 311  798]&#x0a; [1145 1219]&#x0a; [ 864  664]&#x0a; [ 185  393]&#x0a; [ 593  264]&#x0a; [1137  263]&#x0a; [ 305 1213]]"</my_data>
</opencv_storage>
