%YAML:1.0
---
my_data: !!opencv-matrix
   rows: 7
   cols: 2
   dt: i
   data: [ 311, 798, 1145, 1219, 864, 664, 185, 393, 593, 264, 1137, 263,
       305, 1213 ]
