%YAML:1.0
---
circle_center_pos: !!opencv-matrix
   rows: 7
   cols: 2
   dt: i
   data: [ 314, 687, 1158, 1111, 874, 551, 186, 278, 599, 147, 1150, 147,
       308, 1105 ]
