%YAML:1.0
---
my_data: !!opencv-matrix
   rows: 7
   cols: 2
   dt: i
   data: [ 314, 687, 1159, 1112, 874, 551, 186, 279, 599, 147, 1150, 147,
       308, 1107 ]
