%YAML:1.0
---
circle_center_pos: !!opencv-matrix
   rows: 7
   cols: 2
   dt: d
   data: [ 3.1416564941406250e+02, 6.8745281982421875e+02,
       1.1586099853515625e+03, 1.1116798095703125e+03,
       8.7481927490234375e+02, 5.5123522949218750e+02,
       1.8612158203125000e+02, 2.7894671630859375e+02,
       5.9991729736328125e+02, 1.4730630493164063e+02,
       1.1506212158203125e+03, 1.4734683227539063e+02,
       3.0810134887695313e+02, 1.1057320556640625e+03 ]
