<?xml version="1.0"?>
<opencv_storage>
<my_data>"[[ 314  687]&#x0a; [1159 1112]&#x0a; [ 874  551]&#x0a; [ 186  279]&#x0a; [ 599  147]&#x0a; [1150  147]&#x0a; [ 308 1107]]"</my_data>
</opencv_storage>
