%YAML:1.0
---
circle_center_pos: !!opencv-matrix
   rows: 7
   cols: 2
   dt: i
   data: [ 449, 710, 1047, 944, 837, 629, 364, 489, 646, 415, 1018, 410,
       442, 949 ]
