<?xml version="1.0"?>
<opencv_storage>
<my_data>"[[ 449  710]&#x0a; [1047  944]&#x0a; [ 838  629]&#x0a; [ 364  489]&#x0a; [ 646  414]&#x0a; [1018  410]&#x0a; [ 442  949]]"</my_data>
</opencv_storage>
