%YAML:1.0
---
my_data: !!opencv-matrix
   rows: 7
   cols: 2
   dt: i
   data: [ 449, 710, 1047, 944, 838, 629, 364, 489, 646, 414, 1018, 410,
       442, 949 ]
