%YAML:1.0
---
circle_center_pos: !!opencv-matrix
   rows: 7
   cols: 2
   dt: d
   data: [ 4.4935308837890625e+02, 7.1055670166015625e+02,
       1.0476231689453125e+03, 9.4439282226562500e+02,
       8.3745098876953125e+02, 6.2953979492187500e+02,
       3.6489846801757813e+02, 4.8911166381835938e+02,
       6.4638323974609375e+02, 4.1521350097656250e+02,
       1.0187254638671875e+03, 4.1065347290039063e+02,
       4.4225564575195313e+02, 9.4968646240234375e+02 ]
