%YAML:1.0
---
circle_center_pos: !!opencv-matrix
   rows: 7
   cols: 2
   dt: i
   data: [ 231, 368, 821, 587, 622, 289, 154, 158, 438, 87, 810, 81, 216,
       594 ]
