%YAML:1.0
---
circle_center_pos: !!opencv-matrix
   rows: 7
   cols: 2
   dt: d
   data: [ 2.3176527404785156e+02, 3.6816339111328125e+02,
       8.2170776367187500e+02, 5.8737689208984375e+02,
       6.2248657226562500e+02, 2.8982568359375000e+02,
       1.5476112365722656e+02, 1.5841764831542969e+02,
       4.3875219726562500e+02, 8.7471221923828125e+01,
       8.1088830566406250e+02, 8.1903442382812500e+01,
       2.1678633117675781e+02, 5.9454766845703125e+02 ]
