%YAML:1.0
---
my_data: !!opencv-matrix
   rows: 7
   cols: 2
   dt: i
   data: [ 232, 367, 821, 587, 622, 289, 154, 158, 438, 87, 811, 82, 216,
       594 ]
