<?xml version="1.0"?>
<opencv_storage>
<my_data>"[[232 367]&#x0a; [821 587]&#x0a; [622 289]&#x0a; [154 158]&#x0a; [438  87]&#x0a; [811  82]&#x0a; [216 594]]"</my_data>
</opencv_storage>
