<?xml version="1.0"?>
<opencv_storage>
<my_data>"[[ 584  377]&#x0a; [1188  597]&#x0a; [ 971  298]&#x0a; [ 494  166]&#x0a; [ 774   95]&#x0a; [1147   89]&#x0a; [ 582  603]]"</my_data>
</opencv_storage>
