%YAML:1.0
---
my_data: !!opencv-matrix
   rows: 7
   cols: 2
   dt: i
   data: [ 584, 377, 1188, 597, 971, 298, 494, 166, 774, 95, 1147, 89,
       582, 603 ]
