%YAML:1.0
---
circle_center_pos: !!opencv-matrix
   rows: 7
   cols: 2
   dt: i
   data: [ 584, 376, 1188, 596, 971, 298, 494, 166, 774, 95, 1148, 90,
       582, 603 ]
