%YAML:1.0
---
circle_center_pos: !!opencv-matrix
   rows: 7
   cols: 2
   dt: d
   data: [ 5.8410992431640625e+02, 3.7677145385742188e+02,
       1.1881213378906250e+03, 5.9665161132812500e+02,
       9.7108581542968750e+02, 2.9847921752929688e+02,
       4.9437765502929688e+02, 1.6681790161132813e+02,
       7.7495037841796875e+02, 9.5696250915527344e+01,
       1.1481127929687500e+03, 9.0165710449218750e+01,
       5.8203894042968750e+02, 6.0355627441406250e+02 ]
