%YAML:1.0
---
circle_center_pos: !!opencv-matrix
   rows: 7
   cols: 2
   dt: i
   data: [ 545, 993, 1145, 1241, 932, 911, 458, 762, 739, 686, 1111, 684,
       541, 1242 ]
