%YAML:1.0
---
circle_center_pos: !!opencv-matrix
   rows: 7
   cols: 2
   dt: d
   data: [ 5.4568811035156250e+02, 9.9367651367187500e+02,
       1.1456545410156250e+03, 1.2413620605468750e+03,
       9.3275128173828125e+02, 9.1157885742187500e+02,
       4.5880929565429688e+02, 7.6205792236328125e+02,
       7.3937945556640625e+02, 6.8677508544921875e+02,
       1.1112427978515625e+03, 6.8424267578125000e+02,
       5.4129492187500000e+02, 1.2429237060546875e+03 ]
