%YAML:1.0
---
my_data: !!opencv-matrix
   rows: 7
   cols: 2
   dt: i
   data: [ 546, 994, 1145, 1240, 933, 911, 458, 761, 739, 686, 1111, 684,
       541, 1243 ]
