<?xml version="1.0"?>
<opencv_storage>
<my_data>"[[ 546  994]&#x0a; [1145 1240]&#x0a; [ 933  911]&#x0a; [ 458  761]&#x0a; [ 739  686]&#x0a; [1111  684]&#x0a; [ 541 1243]]"</my_data>
</opencv_storage>
