%YAML:1.0
---
circle_center_pos: !!opencv-matrix
   rows: 7
   cols: 2
   dt: d
   data: [ 1.1903945159912109e+02, 9.9859149169921875e+02,
       7.0218267822265625e+02, 1.2452232666015625e+03,
       5.1014648437500000e+02, 9.1598303222656250e+02,
       4.7113521575927734e+01, 7.6690393066406250e+02,
       3.3147378540039063e+02, 6.9121356201171875e+02,
       7.0272277832031250e+02, 6.8831982421875000e+02,
       9.8882507324218750e+01, 1.2487149658203125e+03 ]
