%YAML:1.0
---
my_data: !!opencv-matrix
   rows: 7
   cols: 2
   dt: i
   data: [ 119, 999, 702, 1244, 510, 915, 47, 771, 331, 691, 703, 687,
       100, 1249 ]
