<?xml version="1.0"?>
<opencv_storage>
<my_data>"[[ 119  999]&#x0a; [ 702 1244]&#x0a; [ 510  915]&#x0a; [  47  771]&#x0a; [ 331  691]&#x0a; [ 703  687]&#x0a; [ 100  1249]]"</my_data>
</opencv_storage>
