%YAML:1.0
---
undist_circle_center_pos: !!opencv-matrix
   rows: 7
   cols: 2
   dt: d
   data: [ 5.6497625732421875e+02, 7.0621185302734375e+02,
       1.1105937500000000e+03, 9.6648803710937500e+02,
       9.7469256591796875e+02, 6.2106024169921875e+02,
       5.4040124511718750e+02, 4.7448770141601563e+02,
       8.3695135498046875e+02, 3.9268066406250000e+02,
       1.2241695556640625e+03, 3.8154827880859375e+02,
       4.9657022094726563e+02, 9.5660046386718750e+02 ]
