%YAML:1.0
---
undist_circle_center_pos: !!opencv-matrix
   rows: 7
   cols: 2
   dt: d
   data: [ 4.4849581909179688e+02, 7.0023223876953125e+02,
       1.0213121948242188e+03, 9.6199176025390625e+02,
       8.6749456787109375e+02, 6.1379235839843750e+02,
       4.1311315917968750e+02, 4.6485369873046875e+02,
       7.1625305175781250e+02, 3.8295587158203125e+02,
       1.1112747802734375e+03, 3.7266567993164063e+02,
       3.8839343261718750e+02, 9.5512048339843750e+02 ]
