%YAML:1.0
---
undist_circle_center_pos: !!opencv-matrix
   rows: 7
   cols: 2
   dt: d
   data: [ 4.1994421386718750e+02, 4.3628656005859375e+02,
       1.1128009033203125e+03, 6.9072241210937500e+02,
       8.6763983154296875e+02, 3.4719705200195313e+02,
       3.2544958496093750e+02, 1.9744140625000000e+02,
       6.4831097412109375e+02, 1.1735016632080078e+02,
       1.0754459228515625e+03, 1.1068507385253906e+02,
       4.0936566162109375e+02, 6.9720916748046875e+02 ]
