%YAML:1.0
---
undist_circle_center_pos: !!opencv-matrix
   rows: 7
   cols: 2
   dt: d
   data: [ 3.1447152709960938e+02, 6.8738128662109375e+02,
       1.1601374511718750e+03, 1.1119788818359375e+03,
       8.7510516357421875e+02, 5.5116119384765625e+02,
       1.8686808776855469e+02, 2.7919033813476563e+02,
       6.0019000244140625e+02, 1.4720874023437500e+02,
       1.1526861572265625e+03, 1.4595677185058594e+02,
       3.0888076782226563e+02, 1.1049689941406250e+03 ]
