%YAML:1.0
---
undist_circle_center_pos: !!opencv-matrix
   rows: 7
   cols: 2
   dt: d
   data: [ 4.4942834472656250e+02, 7.1053253173828125e+02,
       1.0481702880859375e+03, 9.4438989257812500e+02,
       8.3765478515625000e+02, 6.2946936035156250e+02,
       3.6508508300781250e+02, 4.8920919799804688e+02,
       6.4644909667968750e+02, 4.1519625854492188e+02,
       1.0194728393554688e+03, 4.1033169555664063e+02,
       4.4243469238281250e+02, 9.4935968017578125e+02 ]
