%YAML:1.0
---
undist_circle_center_pos: !!opencv-matrix
   rows: 7
   cols: 2
   dt: d
   data: [ 2.9485202026367188e+02, 6.4945666503906250e+02,
       1.0615064697265625e+03, 9.2808666992187500e+02,
       7.2798114013671875e+02, 5.5247320556640625e+02,
       1.2333678436279297e+02, 3.7382781982421875e+02,
       4.4024447631835938e+02, 2.9121035766601563e+02,
       8.6396307373046875e+02, 2.9705496215820313e+02,
       3.6031332397460938e+02, 9.4824694824218750e+02 ]
