%YAML:1.0
---
undist_circle_center_pos: !!opencv-matrix
   rows: 7
   cols: 2
   dt: d
   data: [ 2.3238832092285156e+02, 3.6832827758789063e+02,
       8.2185418701171875e+02, 5.8737689208984375e+02,
       6.2259484863281250e+02, 2.8974258422851563e+02,
       1.5573100280761719e+02, 1.5865046691894531e+02,
       4.3920599365234375e+02, 8.7539672851562500e+01,
       8.1160186767578125e+02, 8.1274742126464844e+01,
       2.1735493469238281e+02, 5.9452362060546875e+02 ]
