%YAML:1.0
---
undist_circle_center_pos: !!opencv-matrix
   rows: 7
   cols: 2
   dt: d
   data: [ 3.3419876098632813e+02, 7.1949536132812500e+02,
       1.1038308105468750e+03, 1.1077530517578125e+03,
       8.4575183105468750e+02, 5.9609399414062500e+02,
       2.1815135192871094e+02, 3.4601281738281250e+02,
       5.9599017333984375e+02, 2.2587481689453125e+02,
       1.0998698730468750e+03, 2.2641978454589844e+02,
       3.2871502685546875e+02, 1.1005509033203125e+03 ]
