%YAML:1.0
---
undist_circle_center_pos: !!opencv-matrix
   rows: 7
   cols: 2
   dt: d
   data: [ 4.7196688842773438e+02, 6.1857366943359375e+02,
       1.1694038085937500e+03, 8.5267285156250000e+02,
       9.1727020263671875e+02, 5.3483489990234375e+02,
       3.7647918701171875e+02, 3.9971832275390625e+02,
       6.9611822509765625e+02, 3.2549468994140625e+02,
       1.1191981201171875e+03, 3.1812628173828125e+02,
       4.6312646484375000e+02, 8.6111108398437500e+02 ]
