%YAML:1.0
---
undist_circle_center_pos: !!opencv-matrix
   rows: 7
   cols: 2
   dt: d
   data: [ 2.9657022094726563e+02, 6.3670098876953125e+02,
       1.0386781005859375e+03, 9.1197576904296875e+02,
       7.4565863037109375e+02, 5.4194952392578125e+02,
       1.6327642822265625e+02, 3.7257031250000000e+02,
       4.8918603515625000e+02, 2.8944799804687500e+02,
       9.2149804687500000e+02, 2.8984024047851563e+02,
       3.2207870483398438e+02, 9.2436206054687500e+02 ]
