%YAML:1.0
---
undist_circle_center_pos: !!opencv-matrix
   rows: 7
   cols: 2
   dt: d
   data: [ 3.2256472778320313e+02, 7.2808056640625000e+02,
       1.0419791259765625e+03, 1.0036683959960938e+03,
       7.7297491455078125e+02, 6.3283990478515625e+02,
       2.0919921875000000e+02, 4.6677011108398438e+02,
       5.3499218750000000e+02, 3.8194338989257813e+02,
       9.6606079101562500e+02, 3.7899102783203125e+02,
       3.2922875976562500e+02, 1.0131785888671875e+03 ]
