%YAML:1.0
---
undist_circle_center_pos: !!opencv-matrix
   rows: 7
   cols: 2
   dt: d
   data: [ 4.1995697021484375e+02, 7.5634143066406250e+02,
       1.1168443603515625e+03, 9.7638195800781250e+02,
       8.6590167236328125e+02, 6.7692602539062500e+02,
       3.2809197998046875e+02, 5.5159509277343750e+02,
       6.4734948730468750e+02, 4.8185855102539063e+02,
       1.0681271972656250e+03, 4.7470315551757813e+02,
       4.0759005737304688e+02, 9.8535607910156250e+02 ]
