%YAML:1.0
---
undist_circle_center_pos: !!opencv-matrix
   rows: 7
   cols: 2
   dt: d
   data: [ 1.2030499267578125e+02, 9.9785119628906250e+02,
       7.0263000488281250e+02, 1.2446652832031250e+03,
       5.1027227783203125e+02, 9.1576672363281250e+02,
       4.8507930755615234e+01, 7.6651000976562500e+02,
       3.3174249267578125e+02, 6.9111328125000000e+02,
       7.0271551513671875e+02, 6.8835974121093750e+02,
       1.0009383392333984e+02, 1.2468372802734375e+03 ]
