%YAML:1.0
---
undist_circle_center_pos: !!opencv-matrix
   rows: 7
   cols: 2
   dt: d
   data: [ 3.1135165405273438e+02, 7.9817395019531250e+02,
       1.1460460205078125e+03, 1.2201958007812500e+03,
       8.6465844726562500e+02, 6.6351531982421875e+02,
       1.8548722839355469e+02, 3.9362936401367188e+02,
       5.9355676269531250e+02, 2.6265802001953125e+02,
       1.1385333251953125e+03, 2.6271697998046875e+02,
       3.0587478637695313e+02, 1.2118529052734375e+03 ]
