%YAML:1.0
---
undist_circle_center_pos: !!opencv-matrix
   rows: 7
   cols: 2
   dt: d
   data: [ 5.4583856201171875e+02, 9.9344995117187500e+02,
       1.1474714355468750e+03, 1.2421458740234375e+03,
       9.3308441162109375e+02, 9.1158837890625000e+02,
       4.5889480590820313e+02, 7.6203424072265625e+02,
       7.3942279052734375e+02, 6.8677575683593750e+02,
       1.1121284179687500e+03, 6.8419873046875000e+02,
       5.4178118896484375e+02, 1.2420382080078125e+03 ]
