%YAML:1.0
---
undist_circle_center_pos: !!opencv-matrix
   rows: 7
   cols: 2
   dt: d
   data: [ 4.9525903320312500e+02, 8.6272747802734375e+02,
       1.1585133056640625e+03, 1.1428441162109375e+03,
       9.3736083984375000e+02, 7.7140930175781250e+02,
       4.1724676513671875e+02, 6.0783935546875000e+02,
       7.3600695800781250e+02, 5.2353710937500000e+02,
       1.1573786621093750e+03, 5.1846185302734375e+02,
       4.7016241455078125e+02, 1.1390273437500000e+03 ]
