%YAML:1.0
---
undist_circle_center_pos: !!opencv-matrix
   rows: 7
   cols: 2
   dt: d
   data: [ 5.0298052978515625e+02, 8.5810968017578125e+02,
       1.1266151123046875e+03, 1.1357967529296875e+03,
       9.3640240478515625e+02, 7.6996600341796875e+02,
       4.4554260253906250e+02, 6.0942053222656250e+02,
       7.5820013427734375e+02, 5.2661102294921875e+02,
       1.1694364013671875e+03, 5.2065423583984375e+02,
       4.6067666625976563e+02, 1.1268900146484375e+03 ]
