%YAML:1.0
---
undist_circle_center_pos: !!opencv-matrix
   rows: 7
   cols: 2
   dt: d
   data: [ 4.1900900268554688e+02, 9.9967443847656250e+02,
       1.1239903564453125e+03, 1.1928632812500000e+03,
       8.6746124267578125e+02, 9.2781970214843750e+02,
       3.2794137573242188e+02, 8.2067846679687500e+02,
       6.4757495117187500e+02, 7.5860638427734375e+02,
       1.0681276855468750e+03, 7.5040264892578125e+02,
       4.0526782226562500e+02, 1.2029309082031250e+03 ]
