%YAML:1.0
---
undist_circle_center_pos: !!opencv-matrix
   rows: 7
   cols: 2
   dt: d
   data: [ 3.5552236938476563e+02, 8.6620092773437500e+02,
       1.0427733154296875e+03, 1.1466011962890625e+03,
       8.0297137451171875e+02, 7.7234155273437500e+02,
       2.6363192749023438e+02, 6.0598321533203125e+02,
       5.8684606933593750e+02, 5.2087957763671875e+02,
       1.0129816894531250e+03, 5.1648156738281250e+02,
       3.4195166015625000e+02, 1.1492215576171875e+03 ]
