%YAML:1.0
---
undist_circle_center_pos: !!opencv-matrix
   rows: 7
   cols: 2
   dt: d
   data: [ 5.8418627929687500e+02, 3.7675527954101563e+02,
       1.1893674316406250e+03, 5.9647839355468750e+02,
       9.7188543701171875e+02, 2.9801095581054688e+02,
       4.9467422485351563e+02, 1.6685090637207031e+02,
       7.7551397705078125e+02, 9.5179244995117188e+01,
       1.1503371582031250e+03, 8.8495933532714844e+01,
       5.8201330566406250e+02, 6.0356329345703125e+02 ]
