%YAML:1.0
---
undist_circle_center_pos: !!opencv-matrix
   rows: 7
   cols: 2
   dt: d
   data: [ 2.3630375671386719e+02, 6.4440515136718750e+02,
       9.9591192626953125e+02, 9.2266796875000000e+02,
       6.8249890136718750e+02, 5.4810888671875000e+02,
       8.4881721496582031e+01, 3.7354562377929688e+02,
       4.0980755615234375e+02, 2.9044207763671875e+02,
       8.4137841796875000e+02, 2.9332583618164063e+02,
       2.7964694213867188e+02, 9.3895086669921875e+02 ]
